100
226 249
237 315
157 188
21 32
98 163
207 243
124 148
187 197
219 339
274 293
88 88
206 333
253 331
315 363
324 338
31 181
11 360
203 250
268 303
222 231
322 324
69 228
327 338
176 274
347 350
101 263
186 364
54 154
81 92
235 351
39 76
236 364
53 135
172 207
166 269
207 359
341 362
309 325
207 210
363 364
118 329
133 239
342 351
345 362
126 328
56 216
14 281
294 335
166 265
7 32
39 48
103 123
16 225
325 343
57 60
135 163
327 359
213 267
54 156
276 310
94 335
225 270
243 250
123 238
285 361
213 311
180 342
3 184
20 189
150 181
279 284
293 342
57 253
75 91
37 339
91 148
207 209
27 260
93 123
288 328
105 214
161 261
263 304
270 344
87 160
139 253
314 363
97 142
322 324
143 170
27 133
297 306
39 170
130 288
152 183
208 210
144 204
220 316
78 296
117 302
