100 50 600000
47 592000
55 844000
50 857000
47 847000
41 623000
52 384000
41 297000
64 56000
68 272000
39 477000
59 812000
46 479000
48 392000
66 836000
23 337000
24 648000
21 368000
61 957000
58 140000
63 870000
68 473000
59 800000
43 520000
59 678000
25 720000
51 582000
27 537000
67 758000
46 105000
40 473000
33 186000
58 736000
42 216000
48 135000
20 324000
50 149000
50 222000
50 386000
67 902000
54 449000
37 613000
41 902000
54 99000
23 969000
53 653000
53 170000
30 358000
26 750000
35 607000
38 325000
48 38000
41 634000
69 958000
25 652000
30 635000
28 995000
52 581000
32 414000
43 474000
32 623000
27 338000
25 674000
52 317000
26 778000
29 949000
38 662000
61 13000
24 622000
61 673000
24 971000
68 878000
43 509000
68 55000
50 451000
56 19000
21 441000
34 979000
26 359000
34 480000
25 688000
35 880000
40 918000
23 216000
54 565000
48 865000
33 508000
46 916000
24 921000
48 83000
66 277000
35 9000
53 842000
26 647000
55 841000
34 264000
29 397000
49 552000
21 164000
61 369000
20 146000
