100
772 973
838 984
415 954
938 963
533 607
713 753
840 1000
796 827
765 990
335 450
568 891
687 967
423 496
141 524
76 196
875 923
524 975
799 852
310 574
672 802
889 951
961 966
469 802
34 939
963 997
118 768
877 969
468 778
146 221
144 969
166 567
236 946
819 878
561 742
350 613
456 951
476 914
486 843
607 755
705 995
748 755
882 926
954 955
725 843
533 757
519 792
630 751
423 782
26 319
19 61
963 997
573 921
641 790
210 211
766 977
625 869
847 935
585 826
596 777
205 836
293 453
253 951
944 979
911 938
431 925
187 666
112 782
431 776
854 934
780 980
185 498
334 710
515 524
505 560
319 660
575 635
659 945
256 564
108 932
305 458
655 921
9 167
671 848
165 786
315 846
574 697
625 916
494 751
529 648
647 808
168 635
434 946
194 530
363 880
448 775
929 968
236 720
951 977
52 102
828 889
