100 1000
9 92 12 1
8 120 9 1
10 921 5 1
6 773 11 0
10 405 11 0
10 931 2 0
1 779 11 1
8 824 12 0
10 935 7 1
4 216 8 1
8 644 8 0
2 107 5 0
3 488 7 0
6 73 12 1
9 148 10 0
10 342 11 1
5 457 13 1
9 763 4 0
4 634 14 0
10 205 3 1
7 497 7 1
6 482 1 0
4 436 8 1
3 957 5 0
5 788 10 0
8 367 9 1
4 274 6 0
1 855 8 0
8 752 1 0
8 395 12 1
9 390 12 1
10 236 6 1
6 30 13 1
1 302 5 1
2 426 10 1
9 144 11 1
2 530 5 0
8 270 9 0
8 47 4 0
2 28 13 1
5 180 7 1
10 981 8 0
2 586 7 1
2 57 10 1
9 777 12 1
5 147 12 1
4 398 7 0
9 69 7 1
1 5 13 1
2 697 3 0
4 848 4 0
7 754 10 1
9 752 5 1
7 543 13 1
8 330 2 1
9 939 9 0
1 44 4 0
5 542 9 0
2 954 7 1
9 952 3 1
5 539 1 0
5 462 15 1
10 969 3 1
1 816 8 1
1 406 11 1
2 658 14 0
6 22 11 0
5 946 10 1
3 251 5 1
9 946 13 1
5 676 7 1
5 96 14 1
5 781 8 1
7 127 10 0
2 619 13 0
8 602 15 1
4 988 12 0
9 492 13 1
3 574 10 1
5 386 1 0
9 130 7 1
1 5 2 1
4 243 5 0
9 924 8 0
6 436 2 1
2 85 11 1
2 370 10 1
7 248 11 0
6 108 2 0
8 563 7 0
8 551 5 1
1 250 12 1
6 832 1 0
3 378 12 0
10 827 14 0
4 599 5 0
9 117 6 0
3 844 6 0
9 609 8 0
8 176 6 0
