1000 1000
246 826
622 812
78 592
538 796
3 620
547 982
344 925
985 987
679 846
522 629
350 900
627 883
590 767
668 692
953 986
773 940
906 913
435 734
286 785
31 239
62 1000
881 924
296 990
210 493
438 571
375 552
136 965
37 306
552 610
534 656
763 961
558 877
212 819
399 806
330 333
421 897
369 387
163 345
242 443
423 985
634 740
960 990
946 953
998 999
691 767
529 815
821 965
554 835
60 450
758 970
760 858
806 992
959 968
414 907
297 814
535 897
214 846
592 818
357 657
415 611
454 954
658 694
12 622
836 847
57 555
729 794
803 964
865 984
572 597
970 978
501 738
765 998
589 713
259 624
395 458
737 938
283 629
972 985
453 591
781 989
96 136
968 970
963 995
849 896
289 322
11 845
491 985
695 875
335 542
209 536
256 382
80 230
368 800
219 892
275 345
249 973
170 214
278 339
875 990
829 912
413 417
329 979
409 811
571 963
135 336
791 908
290 915
592 888
660 680
744 931
674 886
14 314
452 884
573 984
408 643
184 510
607 853
358 507
72 891
866 933
978 988
538 632
223 962
72 447
128 690
637 673
191 576
446 796
609 945
89 126
16 251
350 593
274 454
445 832
383 840
77 241
605 863
504 763
638 721
838 931
267 901
134 971
258 570
438 601
377 836
845 901
343 786
808 966
191 949
377 661
999 1000
790 881
202 623
852 959
702 880
845 991
860 963
265 986
988 989
590 914
383 687
358 937
73 312
329 514
395 852
153 541
248 813
977 1000
352 704
692 822
142 223
53 715
981 986
755 853
210 498
639 824
212 828
601 627
33 154
467 834
317 541
9 571
287 921
558 825
226 295
165 388
475 649
48 935
260 350
172 400
766 941
137 731
735 754
219 578
547 779
304 965
162 694
694 962
523 792
203 431
33 847
782 959
482 541
905 931
390 764
326 920
46 206
388 765
672 720
986 999
38 542
441 814
547 570
993 995
278 508
391 705
714 817
12 646
939 960
310 884
882 974
919 952
779 922
620 669
421 893
523 778
879 896
240 403
383 790
503 615
700 796
710 971
889 996
115 791
593 659
928 950
78 878
448 954
75 948
423 609
123 931
254 721
497 754
321 998
9 787
653 972
932 943
420 423
54 834
233 395
390 591
19 451
410 990
347 669
713 863
426 719
991 996
622 626
727 843
304 994
573 914
985 992
523 995
254 596
26 355
726 983
953 995
307 753
904 906
393 829
682 923
228 581
871 947
548 663
410 483
797 904
672 726
672 870
99 784
472 619
640 905
755 982
306 308
100 927
946 992
351 572
969 980
581 934
73 368
145 881
250 468
648 759
231 805
298 530
272 920
172 570
697 981
125 632
857 885
656 660
285 782
879 906
604 670
816 997
435 747
681 932
915 943
431 853
637 757
878 894
809 817
843 988
155 715
367 584
622 866
802 966
292 906
669 840
944 997
530 904
651 924
786 824
389 921
192 503
125 523
135 320
45 263
169 497
581 918
79 607
704 963
803 815
472 811
854 872
218 799
510 522
835 949
920 951
574 808
443 893
410 666
24 104
547 600
87 967
847 849
509 840
19 637
477 557
223 572
654 779
313 497
919 977
349 917
79 274
145 157
404 752
572 858
504 680
34 642
93 611
70 622
395 674
275 297
567 735
841 887
277 937
818 929
723 978
869 980
764 858
651 720
494 790
188 341
568 927
536 889
794 975
816 921
49 810
199 963
358 582
779 874
66 80
310 439
375 796
710 786
184 509
866 978
79 549
718 845
510 899
814 937
719 817
541 584
697 841
15 680
544 796
163 400
900 990
897 997
741 797
395 640
728 826
395 528
462 823
138 476
457 775
20 967
370 762
292 304
63 362
170 806
347 580
539 825
844 916
8 897
286 624
478 957
666 795
523 634
126 141
822 950
136 492
618 760
531 566
647 918
210 669
314 473
884 899
893 998
47 271
429 789
501 873
614 919
122 155
320 729
228 559
680 828
905 944
543 759
821 945
918 956
622 835
526 956
788 924
903 935
892 951
601 787
587 878
880 953
276 331
993 996
342 498
536 894
23 970
621 934
501 566
592 702
543 767
790 807
74 752
451 459
396 986
150 624
379 757
350 358
833 911
488 959
454 462
766 992
177 400
231 458
532 583
30 31
566 842
727 844
256 418
377 940
859 862
686 803
535 890
908 950
733 905
343 651
200 689
182 855
255 353
220 704
874 996
414 995
466 842
568 608
719 731
497 912
762 781
837 899
963 972
330 461
109 985
789 972
365 632
164 283
369 398
73 308
50 524
939 951
290 606
383 466
334 798
851 887
920 966
544 560
498 942
597 792
504 790
106 844
624 974
42 551
134 574
318 612
944 950
265 691
693 859
561 621
326 901
220 351
878 934
595 978
839 912
470 527
333 486
222 824
534 761
736 856
189 654
203 608
863 874
211 741
525 872
533 584
394 573
880 921
560 934
420 621
726 772
309 372
590 879
567 935
777 855
632 829
970 990
602 815
840 879
697 843
666 724
754 911
79 142
613 870
172 999
130 838
373 623
148 739
814 855
176 313
656 984
722 750
738 916
182 255
186 790
949 979
117 203
927 945
381 928
967 995
350 657
806 844
144 682
13 644
299 458
41 373
835 908
985 1000
852 882
823 885
303 441
937 967
333 768
484 530
627 916
760 838
556 819
39 842
489 839
495 801
559 719
714 790
336 649
21 563
293 434
277 585
735 739
77 248
811 820
308 853
591 595
844 923
732 762
721 724
122 300
568 983
35 760
157 239
775 823
935 938
439 843
85 953
474 998
172 310
928 996
719 889
860 894
111 188
199 340
85 681
452 644
667 913
62 501
849 931
865 954
470 519
88 113
743 970
515 594
615 754
28 39
692 949
454 965
753 953
801 898
993 995
264 850
2 888
75 366
136 472
152 264
394 698
733 970
116 659
666 960
829 929
757 982
342 624
694 996
769 846
313 837
480 602
650 973
134 783
79 822
832 872
8 106
128 420
91 209
104 357
597 668
966 970
652 782
648 967
318 768
726 848
83 454
539 583
188 438
794 958
351 628
75 580
880 900
636 706
868 931
557 713
152 449
856 951
976 988
432 703
850 962
767 871
935 965
166 516
375 647
956 983
413 489
428 935
777 868
555 894
791 914
438 690
901 982
196 385
807 906
585 773
222 966
868 981
318 855
648 884
304 768
156 252
233 303
229 584
17 841
580 838
882 928
240 567
945 955
5 770
372 717
544 941
637 848
351 547
705 857
100 492
600 786
66 154
694 910
198 895
217 406
96 327
978 992
651 905
976 992
313 712
639 937
25 409
688 814
638 908
242 781
260 909
597 943
314 922
306 890
286 375
542 630
65 460
509 841
468 951
578 785
112 356
147 990
991 995
730 961
263 887
648 767
528 732
769 806
553 725
162 446
782 985
189 457
157 687
520 822
765 887
785 795
550 933
99 784
891 962
494 703
129 709
366 640
252 834
411 975
788 846
157 805
659 716
140 912
137 973
950 979
301 415
886 967
377 410
695 941
126 434
956 968
19 597
959 981
273 287
569 693
940 972
444 677
181 757
146 588
494 573
151 327
195 857
481 633
645 1000
722 960
785 926
458 604
351 669
761 861
712 758
224 346
675 710
152 626
755 846
979 984
329 887
663 856
833 906
786 927
648 655
387 441
619 798
71 971
191 318
778 991
12 795
718 783
468 1000
340 958
34 287
919 983
487 540
244 390
35 753
191 618
124 819
410 857
270 952
219 335
510 986
836 898
226 272
437 893
930 958
218 625
267 429
497 567
942 962
138 449
472 655
61 610
699 902
352 388
747 759
544 738
691 944
977 993
559 939
741 754
375 527
602 809
904 965
494 637
426 576
602 877
331 363
797 965
583 723
211 416
153 642
22 177
292 483
118 389
158 410
148 525
645 965
627 856
447 680
177 377
323 423
680 983
227 560
139 271
516 810
254 320
665 725
336 743
49 56
938 944
148 481
757 881
178 331
714 848
556 704
797 873
790 890
230 305
372 801
719 781
965 986
105 407
760 955
492 678
141 559
38 511
929 930
938 988
333 730
773 883
394 659
332 927
152 725
193 710
985 995
873 939
572 597
80 776
695 802
685 990
695 960
334 952
710 745
255 326
958 991
676 932
239 927
476 814
528 613
123 254
964 975
692 917
846 996
778 815
228 625
420 904
545 631
710 874
302 433
651 958
210 422
957 978
330 340
886 905
719 925
957 961
793 802
327 546
114 498
915 988
603 988
881 932
241 833
913 932
157 926
878 885
633 818
783 828
970 983
675 985
341 950
43 938
715 947
550 728
713 931
411 515
774 944
545 838
311 963
709 862
659 720
175 950
471 482
164 799
883 969
154 969
208 1000
411 625
139 150
553 894
440 908
727 848
882 987
54 506
763 973
276 579
663 749
203 553
247 971
410 542
811 832
824 903
966 997
302 958
314 925
8 314
246 805
454 481
985 989
332 955
851 979
858 968
286 468
223 658
578 916
849 873
371 683
624 982
976 990
937 992
234 308
372 738
